2.473484599123968408e+01 2.496144642320859219e+01 7.065035846359376537e-01 6.466273442636084837e+03 1.003739600717311049e+02 6.537433075651224890e+00
2.499412782159371460e+01 2.463097447138377660e+01 6.680841023365455822e-01 6.466163944566987084e+03 1.003797430106688182e+02 6.678571492845766677e+00
2.455037466897552889e+01 2.504998390196391611e+01 7.760584772842273882e-01 6.465944943555591635e+03 1.003825453119792570e+02 6.906920881715137739e+00
2.459483659408435940e+01 2.495095433513356653e+01 7.145925931168274348e-01 6.466196140533486869e+03 1.003786041601505588e+02 6.698106586409624974e+00
2.493910198754759122e+01 2.481366528385194670e+01 6.313299401739679295e-01 6.465200429614262248e+03 1.003764940478423995e+02 6.670426970545725531e+00
2.461199661798855232e+01 2.505203502483622557e+01 7.819079407188249675e-01 6.466389412857441130e+03 1.003782813505348059e+02 6.541886503390860419e+00
2.467090390018657331e+01 2.501875959268670968e+01 6.894843311292200294e-01 6.467064968320809385e+03 1.003773010437337803e+02 6.484475454308512354e+00
2.458582415173779623e+01 2.520490802002275643e+01 7.327509337595616845e-01 6.465996787743585628e+03 1.003747540514821139e+02 6.602744888255113409e+00
2.461339858759362897e+01 2.505704940162479843e+01 7.535986890477447409e-01 6.466069608982610589e+03 1.003747252286962635e+02 6.609783785669454126e+00
2.451053909375613671e+01 2.550180430434019385e+01 6.909637115585764988e-01 6.467178704318212112e+03 1.003800691244990873e+02 6.829976705701712447e+00
2.457701915251251279e+01 2.520154120912321716e+01 7.444640862345432986e-01 6.466430811319777604e+03 1.003767148862756216e+02 6.564393187931153228e+00
2.455207441312206029e+01 2.528950517134031983e+01 7.103935208237154297e-01 6.466616766513552648e+03 1.003807129291138978e+02 6.868462780732849993e+00
2.459483659408435940e+01 2.495095433513356653e+01 7.145925931168274348e-01 6.466196140533486869e+03 1.003786041601505588e+02 6.698106586409624974e+00
2.493937343995080624e+01 2.461082384986133675e+01 6.654260083774599099e-01 6.466166503768993607e+03 1.003788275969610027e+02 6.565411660465279020e+00
2.494218380666867318e+01 2.454107703954203146e+01 6.843601295548129571e-01 6.466760491704071683e+03 1.003861878199725481e+02 6.907584199161989069e+00
2.475057831452510371e+01 2.519670193625447752e+01 6.483489253599773461e-01 6.465816925347532560e+03 1.003766713774468542e+02 6.800219546175227947e+00
2.443302055089696623e+01 2.536786900754625762e+01 7.065181924722878648e-01 6.466474004658134618e+03 1.003777090799444238e+02 6.771603533979421385e+00
2.447520420272737596e+01 2.511711692556198727e+01 7.114246196020999058e-01 6.465597266542508805e+03 1.003834621751360601e+02 7.048497429071121090e+00
2.471765413655383625e+01 2.501102449479527223e+01 6.941250028211375378e-01 6.466392388887350535e+03 1.003772281629276080e+02 6.524280395441563130e+00
2.424436906689895821e+01 2.558787506562725866e+01 7.303268514488092666e-01 6.466777821439345644e+03 1.003792374283061974e+02 6.920730375951709590e+00
2.458646962303921413e+01 2.541320663902080668e+01 7.174247836883266283e-01 6.466185783313602769e+03 1.003790030992061730e+02 6.753860344988690478e+00
2.476750224652576193e+01 2.492428229405856044e+01 6.678041892788628697e-01 6.466756249242797821e+03 1.003777378518348087e+02 6.455282459685004248e+00
2.498605447881244856e+01 2.461979600119579104e+01 6.417642545651863761e-01 6.466893464420225428e+03 1.003806259130543879e+02 6.763680946057867516e+00
2.456422354292110910e+01 2.506714261717309711e+01 7.294532448754793563e-01 6.465069743359210406e+03 1.003728192456650561e+02 6.591383967417518086e+00
2.447520420272737596e+01 2.511711692556198727e+01 7.114246196020999058e-01 6.465597266542508805e+03 1.003834621751360601e+02 7.048497429071121090e+00
2.438299299404123488e+01 2.541425551528079296e+01 7.153724740189286724e-01 6.465830469184347749e+03 1.003772224297058244e+02 6.873681592670517482e+00
2.474433304085117769e+01 2.472094702462969096e+01 7.265626224069845485e-01 6.466392608012391065e+03 1.003806319200084403e+02 6.760829252323014238e+00
2.480107794834655977e+01 2.481344580687339629e+01 6.567624319272586941e-01 6.465773715606934275e+03 1.003712952520293271e+02 6.302092971255059517e+00
2.467967377422009889e+01 2.509178347182103153e+01 7.205205615986592926e-01 6.465831809984775646e+03 1.003738501043867046e+02 6.390660952959210661e+00
2.480134837479025123e+01 2.494318140211631629e+01 6.464867186174890756e-01 6.466039101895935346e+03 1.003817286859085698e+02 6.941149376266536386e+00
2.456047790366273276e+01 2.505084776218030029e+01 7.397618972162731676e-01 6.466679521622018001e+03 1.003844161205631593e+02 7.102927100181466891e+00
2.461339858759362897e+01 2.505704940162479843e+01 7.535986890477447409e-01 6.466069608982610589e+03 1.003747252286962635e+02 6.609783785669454126e+00
2.489266502817485716e+01 2.478604947725921548e+01 6.547860284018672816e-01 6.466768110005771632e+03 1.003717615534998373e+02 6.310172182662129536e+00
2.473484599123968408e+01 2.496144642320859219e+01 7.065035846359376537e-01 6.466273442636084837e+03 1.003739600717311049e+02 6.537433075651224890e+00
2.457674366166425983e+01 2.519324600595824393e+01 6.942459367021696082e-01 6.466107417512836037e+03 1.003754547753556352e+02 6.676150551789044485e+00
2.455207441312206029e+01 2.528950517134031983e+01 7.103935208237154297e-01 6.466616766513552648e+03 1.003807129291138978e+02 6.868462780732849993e+00
2.457674366166425983e+01 2.519324600595824393e+01 6.942459367021696082e-01 6.466107417512836037e+03 1.003754547753556352e+02 6.676150551789044485e+00
2.473072859508008392e+01 2.485171283877787829e+01 7.280766478697922039e-01 6.466133681415495630e+03 1.003814297690242796e+02 6.851548374853920542e+00
2.493995371608463785e+01 2.459526884362332311e+01 6.699656661168155170e-01 6.465702271022524656e+03 1.003791605765078145e+02 6.857136707695214994e+00
2.473484599123968408e+01 2.496144642320859219e+01 7.065035846359376537e-01 6.466273442636084837e+03 1.003739600717311049e+02 6.537433075651224890e+00
2.422978422199854620e+01 2.575417815370953889e+01 7.748962864531171446e-01 6.466000661324097564e+03 1.003728963098790246e+02 6.467894099449833512e+00
2.476750224652576193e+01 2.492428229405856044e+01 6.678041892788628697e-01 6.466756249242797821e+03 1.003777378518348087e+02 6.455282459685004248e+00
2.480358340908286863e+01 2.480680796868021432e+01 6.891783383078207148e-01 6.465258482599060699e+03 1.003704325478237536e+02 6.314002305750448407e+00
2.438299299404123488e+01 2.541425551528079296e+01 7.153724740189286724e-01 6.465830469184347749e+03 1.003772224297058244e+02 6.873681592670517482e+00
2.493937343995080624e+01 2.461082384986133675e+01 6.654260083774599099e-01 6.466166503768993607e+03 1.003788275969610027e+02 6.565411660465279020e+00
2.458646962303921413e+01 2.541320663902080668e+01 7.174247836883266283e-01 6.466185783313602769e+03 1.003790030992061730e+02 6.753860344988690478e+00
2.461630624576975634e+01 2.527180980653030318e+01 7.219479362967181624e-01 6.466964029983954788e+03 1.003832402369526733e+02 6.753231552388883507e+00
2.489003090033288856e+01 2.459068927243271929e+01 6.670820022769878843e-01 6.466697789933271451e+03 1.003755453987530331e+02 6.353330573397543368e+00
2.422978422199854620e+01 2.575417815370953889e+01 7.748962864531171446e-01 6.466000661324097564e+03 1.003728963098790246e+02 6.467894099449833512e+00
2.450110341917669743e+01 2.540120088359360295e+01 7.368342683971033091e-01 6.465534225463008625e+03 1.003797465697641371e+02 6.872769305106421811e+00
2.473484599123968408e+01 2.496144642320859219e+01 7.065035846359376537e-01 6.466273442636084837e+03 1.003739600717311049e+02 6.537433075651224890e+00
2.480183484185429776e+01 2.477115597684507264e+01 7.156834406660032011e-01 6.465743865794149315e+03 1.003752182153784531e+02 6.313778332621807543e+00
2.461339858759362897e+01 2.505704940162479843e+01 7.535986890477447409e-01 6.466069608982610589e+03 1.003747252286962635e+02 6.609783785669454126e+00
2.422979112269656454e+01 2.575417754295910910e+01 7.783171824754157031e-01 6.466160977748385449e+03 1.003728051849197556e+02 6.447810425349159935e+00
2.471765413655383625e+01 2.501102449479527223e+01 6.941250028211375378e-01 6.466392388887350535e+03 1.003772281629276080e+02 6.524280395441563130e+00
2.424436906689895821e+01 2.558787506562725866e+01 7.303268514488092666e-01 6.466777821439345644e+03 1.003792374283061974e+02 6.920730375951709590e+00
2.498605447881244856e+01 2.461979600119579104e+01 6.417642545651863761e-01 6.466893464420225428e+03 1.003806259130543879e+02 6.763680946057867516e+00
2.471765413655383625e+01 2.501102449479527223e+01 6.941250028211375378e-01 6.466392388887350535e+03 1.003772281629276080e+02 6.524280395441563130e+00
2.443908488199308948e+01 2.529631712003807564e+01 7.492352360932235111e-01 6.465501287508353926e+03 1.003764850737273662e+02 6.656051604139717526e+00
2.476750224652576193e+01 2.492428229405856044e+01 6.678041892788628697e-01 6.466756249242797821e+03 1.003777378518348087e+02 6.455282459685004248e+00
2.475057831452510371e+01 2.519670193625447752e+01 6.483489253599773461e-01 6.465816925347532560e+03 1.003766713774468542e+02 6.800219546175227947e+00
2.457143585719175505e+01 2.520759644026304258e+01 6.922550267262673751e-01 6.466723952028253734e+03 1.003789785674131849e+02 6.889132467673270810e+00
2.457674366166425983e+01 2.519324600595824393e+01 6.942459367021696082e-01 6.466107417512836037e+03 1.003754547753556352e+02 6.676150551789044485e+00
2.444375006302662356e+01 2.538270721177052991e+01 7.636226200214690785e-01 6.467235202386508718e+03 1.003860173496280055e+02 6.931942991203493776e+00
2.480134837479025123e+01 2.494318140211631629e+01 6.464867186174890756e-01 6.466039101895935346e+03 1.003817286859085698e+02 6.941149376266536386e+00
2.449229965225679706e+01 2.508610591623686759e+01 7.153961977293301633e-01 6.465896685695400265e+03 1.003793605649915293e+02 6.735693861865931886e+00
2.480183484185429776e+01 2.477115597684507264e+01 7.156834406660032011e-01 6.465743865794149315e+03 1.003752182153784531e+02 6.313778332621807543e+00
2.456128057253501140e+01 2.513825994844990674e+01 7.440561222829177312e-01 6.465552075158337175e+03 1.003828277485049654e+02 6.869278274935255446e+00
