3.260591340465136767e+01 2.726272577519688411e+01 7.831611269346870907e-01 6.465004944840920871e+03 1.004057928257104919e+02 7.066271851729635678e+00
3.264795507144360442e+01 2.793421277065755604e+01 7.779165449267281263e-01 6.465582994557311395e+03 1.004058430817910477e+02 7.349865143663084410e+00
3.264169041464606380e+01 2.792916567776411441e+01 7.684007788721184395e-01 6.465785720226275771e+03 1.004075939680089391e+02 7.402771629415211052e+00
3.257844308154603397e+01 2.699894368981689041e+01 7.562462672349390402e-01 6.463774448337036119e+03 1.004049217405249692e+02 7.273252470489696364e+00
3.260591340465136767e+01 2.726272577519688411e+01 7.831611269346870907e-01 6.465004944840920871e+03 1.004057928257104919e+02 7.066271851729635678e+00
3.266874176235099014e+01 2.724988374970169858e+01 7.812730789671910037e-01 6.464841143160592765e+03 1.004152170147013976e+02 7.636903096735802698e+00
3.264795507144360442e+01 2.793421277065755604e+01 7.779165449267281263e-01 6.465582994557311395e+03 1.004058430817910477e+02 7.349865143663084410e+00
3.264169041464606380e+01 2.792916567776411441e+01 7.684007788721184395e-01 6.465785720226275771e+03 1.004075939680089391e+02 7.402771629415211052e+00
3.264169041464606380e+01 2.792916567776411441e+01 7.684007788721184395e-01 6.465785720226275771e+03 1.004075939680089391e+02 7.402771629415211052e+00
3.237601363385926589e+01 2.833072914295314249e+01 7.746022140990146410e-01 6.464814866549377257e+03 1.004018806791392535e+02 7.211536899881916263e+00
3.263980942450947964e+01 2.746236317957059470e+01 7.681855223602271909e-01 6.465110538231579994e+03 1.004142602439217740e+02 7.769985383927052069e+00
3.264795507144360442e+01 2.793421277065755604e+01 7.779165449267281263e-01 6.465582994557311395e+03 1.004058430817910477e+02 7.349865143663084410e+00
